73 213 492 386 366
156 363 101 473 199
259 237 352 82 64
356 214 215 174 492
255 292 271 282 75
366 22 255 71 295
76 354 256 264 267
265 38 110 24 98
252 191 69 33 185
190 248 340 139 404
394 267 315 284 197
249 492 239 418 258
146 103 111 129 457
273 326 30 422 144
107 229 379 289 52
188 150 340 333 42
312 71 358 150 302
330 338 323 203 19
155 180 293 315 419
443 48 313 207 45
383 328 101 460 39
452 262 175 50 468
181 253 125 18 389
389 86 102 360 204
280 330 52 163 212
30 387 390 438 497
391 101 317 110 263
72 346 343 497 352
78 32 18 153 249
490 134 327 449 321
50 147 60 303 208
406 107 125 457 429
132 374 446 457 133
257 488 41 291 9
140 179 130 441 256
79 282 479 56 341
451 330 237 153 171
354 122 496 347 379
383 53 227 435 207
26 333 114 308 197
302 309 380 349 278
130 339 169 391 422
324 215 294 441 349
418 443 367 333 182
253 125 355 351 267
420 469 56 317 438
160 432 214 228 52
11 115 151 375 481
211 393 149 438 36
180 431 248 78 98
123 47 54 209 28
71 363 31 134 284
399 51 101 442 297
370 276 449 196 271
478 331 20 384 186
428 206 340 182 292
357 166 15 85 192
83 338 419 397 83
8 461 103 284 288
458 166 32 323 98
197 299 128 337 390
133 51 94 302 114
21 256 127 163 252
483 72 200 124 442
195 289 497 436 406
181 159 187 434 312
123 355 420 156 499
400 17 469 73 269
246 426 225 4 345
38 119 48 34 243
120 465 250 19 194
178 240 415 487 278
372 479 69 414 13
288 86 132 448 434
184 18 440 216 197
161 99 50 262 144
419 330 148 24 105
351 490 49 55 74
222 65 343 390 450
412 150 415 374 326
289 477 183 412 140
156 168 208 185 412
112 89 119 428 214
412 41 386 39 357
121 448 312 398 76
392 1 181 352 428
130 430 167 212 41
411 116 405 323 67
51 447 10 423 291
462 87 424 312 249
322 279 381 473 188
200 140 450 172 226
140 375 452 366 494
132 119 240 234 349
75 413 477 16 439
496 340 368 83 257
352 269 91 378 74
15 383 31 157 391
138 338 28 262 240
21 457 335 104 237
242 182 325 332 321
136 273 407 389 481
89 60 482 8 366
487 469 163 410 314
395 447 133 437 182
124 393 37 132 45
55 257 283 346 123
73 481 93 169 207
108 435 448 46 274
418 412 486 239 186
153 288 346 292 123
418 486 219 300 131
105 357 310 230 343
329 206 277 248 14
20 18 258 34 416
95 416 54 41 220
418 79 98 494 473
166 479 45 493 335
315 194 406 289 163
207 479 403 44 2
5 89 439 466 131
442 493 442 1 452
164 127 227 229 232
64 113 105 355 490
165 120 246 111 11
375 15 267 287 300
35 67 454 162 316
130 161 422 5 195
263 340 365 211 205
314 35 242 305 17
184 306 431 132 114
264 368 36 297 147
309 482 395 142 104
477 337 90 60 34
121 89 52 361 79
67 217 108 322 290
31 410 12 13 125
431 171 297 250 124
492 385 310 341 154
35 224 443 284 246
281 287 257 63 25
421 256 302 451 21
39 336 403 467 9
295 293 187 342 99
343 139 243 254 377
324 125 18 51 147
210 58 389 354 472
76 488 206 456 22
75 348 224 352 126
399 99 400 286 3
47 33 401 158 336
294 361 109 188 194
145 145 285 106 341
463 150 351 255 219
374 44 333 394 391
103 130 148 47 231
248 177 103 103 268
232 290 388 459 302
470 460 31 85 260
479 393 426 386 325
371 416 499 1 248
183 296 162 9 500
40 41 319 180 264
441 328 420 453 42
267 455 303 278 71
378 287 36 391 459
41 165 470 34 339
61 223 318 266 233
437 98 179 130 28
300 244 484 301 460
435 249 153 208 102
465 428 83 444 10
44 332 440 333 213
223 152 38 304 21
357 42 422 20 1
486 149 446 474 159
481 308 456 322 350
46 247 280 76 380
230 456 389 345 252
270 27 142 351 213
311 471 126 80 329
184 485 313 47 353
138 265 471 400 177
274 399 72 262 448
250 191 304 329 403
380 334 104 160 288
56 414 267 84 366
91 12 418 165 108
103 105 416 114 259
432 110 24 113 411
371 81 301 11 341
125 248 444 51 360
438 7 317 416 313
457 286 389 288 216
297 369 492 396 29
209 238 128 480 122
292 496 201 26 63
195 391 331 490 352
325 213 224 18 444
267 424 431 380 138
35 324 102 23 219
52 423 69 153 173
64 97 160 446 141
115 30 130 296 471
427 280 354 9 96
415 67 494 443 107
198 69 187 297 242
331 195 371 453 203
481 158 491 31 15
45 360 255 123 210
63 226 12 484 427
272 298 352 352 396
252 5 398 416 364
393 258 454 381 470
276 147 335 306 310
405 480 451 150 294
262 279 306 172 133
304 7 201 15 89
441 118 232 181 210
46 229 227 100 46
335 63 488 478 385
107 307 187 223 97
253 169 14 493 370
158 246 149 180 189
291 93 433 3 314
332 243 477 327 198
42 87 191 2 95
258 25 243 100 462
111 449 57 62 391
457 327 225 420 182
446 373 135 216 441
393 71 346 148 424
388 496 67 266 263
401 455 443 218 237
307 476 202 96 236
425 113 21 74 13
152 238 34 180 328
337 486 74 496 274
349 359 136 236 344
264 420 171 408 418
327 104 295 91 131
157 13 242 109 456
160 25 351 493 468
470 436 487 20 96
407 124 335 423 112
352 205 333 99 5
314 108 52 311 341
390 140 459 261 285
343 413 410 421 24
23 373 370 275 289
297 328 116 142 297
214 423 74 198 403
332 370 86 115 43
479 152 136 108 10
347 439 16 490 476
178 279 435 412 273
318 289 236 348 30
111 73 317 364 224
404 71 146 292 398
110 425 54 451 111
498 435 381 392 85
139 43 236 393 339
500 225 371 32 496
478 140 433 455 417
362 19 197 179 406
120 372 112 52 90
308 248 9 316 83
222 45 79 21 118
469 1 34 469 484
34 327 284 318 261
288 484 49 149 363
265 240 247 238 480
101 226 60 291 455
222 336 88 122 310
245 202 400 357 341
209 481 93 387 58
208 279 436 299 190
36 174 368 240 52
360 206 433 481 426
59 236 270 69 360
22 487 165 58 397
13 165 283 78 323
275 3 416 93 13
122 429 136 279 27
445 492 216 226 210
456 481 73 444 200
396 45 389 475 240
227 29 141 490 319
267 471 307 247 58
400 209 378 309 36
284 284 461 96 415
198 485 387 351 337
372 313 34 153 457
167 42 222 201 451
197 239 485 404 186
248 10 367 179 360
110 477 58 444 448
402 324 7 402 102
481 42 28 339 228
332 445 95 26 496
141 367 167 161 45
198 460 253 311 105
190 33 84 189 340
198 258 359 237 149
112 86 454 125 116
84 174 114 203 321
301 171 359 423 268
215 152 39 290 106
222 74 464 466 321
264 265 396 472 126
371 217 289 69 134
438 484 421 63 421
217 315 303 80 309
461 338 298 376 140
118 167 451 33 208
106 256 295 253 83
140 133 231 336 82
344 281 47 455 422
472 375 425 281 273
168 344 388 480 198
403 497 198 150 445
485 186 50 204 291
491 341 277 235 342
138 354 143 163 181
178 169 244 440 114
426 495 349 112 100
258 149 119 458 486
243 132 357 340 300
5 167 267 248 90
462 347 93 76 418
452 481 206 427 345
138 210 57 242 434
482 364 115 33 361
109 322 246 149 162
455 185 129 358 256
210 383 62 292 434
123 336 450 419 117
426 438 31 243 113
74 166 179 51 481
288 3 192 61 371
122 274 91 396 142
478 369 216 210 456
469 281 331 465 331
108 130 385 328 384
45 130 139 1 326
242 146 65 423 312
334 177 374 45 320
194 234 15 479 288
188 156 24 118 144
101 48 38 404 327
345 311 81 317 297
425 202 49 106 126
282 163 497 371 486
180 120 171 399 287
351 279 157 454 144
114 130 399 330 21
442 463 284 455 61
440 310 307 230 288
241 251 298 264 55
164 366 365 273 156
256 244 218 81 278
21 455 392 414 475
439 352 26 399 142
185 353 77 26 113
43 58 333 456 197
141 281 271 412 394
119 14 359 239 96
349 378 347 94 311
5 254 132 449 220
316 186 91 234 322
239 375 88 44 242
445 275 147 369 472
335 292 149 225 93
44 265 178 342 103
405 113 420 273 9
316 441 32 93 438
323 56 418 447 364
332 481 408 108 85
169 373 21 450 32
257 338 241 89 173
169 354 480 249 438
148 94 109 173 33
335 260 39 473 59
155 499 427 469 26
164 306 19 411 469
211 159 299 114 90
353 43 2 147 450
488 60 324 154 379
221 300 434 427 104
419 325 314 411 422
125 269 444 12 41
106 319 448 206 388
459 476 101 270 344
201 87 365 337 180
1 489 131 485 93
57 414 15 56 307
364 4 463 310 150
500 237 334 134 179
202 476 462 85 6
21 415 123 343 287
438 498 278 18 405
373 318 461 178 205
265 483 32 135 383
312 100 360 469 56
376 265 490 121 267
480 262 458 378 472
370 334 445 241 417
12 272 283 402 475
328 485 490 217 279
128 325 83 132 431
304 158 453 268 8
156 339 11 117 30
44 161 119 303 91
425 198 441 187 15
369 337 184 87 217
435 281 278 368 345
315 452 353 177 4
419 165 325 453 237
372 331 431 64 122
457 444 476 163 424
392 305 481 352 320
449 208 35 359 249
62 134 455 100 89
80 196 209 443 98
445 451 433 54 386
191 426 12 483 401
455 439 300 279 226
488 62 298 303 83
500 449 304 12 309
312 358 2 360 395
199 384 200 75 85
142 196 314 366 246
151 353 164 470 187
444 363 61 19 467
199 481 116 407 399
436 16 132 229 414
27 460 206 130 456
151 4 118 148 53
121 319 391 116 34
53 307 337 411 230
240 41 22 438 257
74 259 280 135 368
327 425 364 343 432
353 259 253 74 223
249 91 250 487 182
351 435 23 349 422
222 147 6 141 357
184 460 132 91 213
229 416 63 295 478
59 120 445 191 139
62 353 65 413 277
251 375 121 242 387
150 389 275 159 17
124 1 476 230 147
171 447 469 373 296
323 290 8 105 159
102 81 66 10 41
264 274 25 135 216
431 389 460 284 461
34 478 202 140 311
43 117 458 189 479
172 245 296 226 31
343 1 371 59 250
444 1 264 54 224
241 459 354 303 101
271 475 96 231 362
56 223 140 55 156
402 244 7 99 497
51 73 103 357 246
338 163 260 218 225
77 251 253 138 193
483 496 364 311 122
306 141 281 433 187
66 116 445 221 408
431 399 451 103 213
289 398 335 457 413
12 51 363 38 270
91 282 241 359 439
492 295 213 292 63
400 324 124 482 28
199 111 438 1 77
257 466 177 91 69
84 183 252 430 256
433 79 271 210 277
144 290 333 422 464
257 159 31 210 158
418 105 464 264 280
404 456 490 57 454
208 454 90 452 184
471 498 347 137 396
190 110 296 478 261
6 153 174 104 237
497 4 277 141 360
274 250 459 234 291
93 156 279 229 287
280 82 412 395 370
175 67 177 408 194
248 438 430 469 452
489 458 340 73 437
324 295 58 443 22
88 407 248 12 499
87 107 214 464 294
291 418 319 111 251
456 93 203 201 203
332 197 60 445 145
157 25 422 214 334
71 176 382 318 19
272 280 416 184 84
442 438 103 492 439
286 324 55 3 228
74 230 251 424 360
361 194 497 476 245
4 499 26 359 143
97 422 36 179 392
496 406 285 47 314
287 499 397 422 359
163 50 351 369 55
427 366 434 388 413
400 85 479 370 189
369 101 441 169 118
40 141 413 5 184
97 38 75 493 244
203 242 500 94 308
387 382 402 112 262
308 35 472 56 233
92 111 10 179 21
276 397 395 339 345
460 168 274 220 12
109 375 454 162 156
86 161 450 418 370
247 307 243 234 136
375 326 333 421 332
489 25 70 180 113
124 12 334 455 327
361 131 38 58 203
322 221 73 378 234
347 281 93 384 313
273 111 338 197 392
481 437 405 362 310
229 10 464 67 378
385 359 297 375 471
500 159 91 224 191
241 10 117 324 131
340 371 271 149 306
323 232 154 427 237
232 311 406 120 158
200 116 493 264 485
301 354 305 452 303
394 362 377 52 217
16 21 257 21 83
182 355 407 250 331
19 474 261 199 277
244 1 95 149 400
390 217 211 445 106
416 323 446 27 261
62 381 215 487 473
332 163 19 47 470
500 34 68 265 108
444 218 436 125 237
372 243 191 255 418
362 349 81 97 481
252 17 409 369 17
406 327 344 337 75
189 213 407 408 394
342 482 99 253 349
84 167 446 98 114
186 54 302 440 267
63 261 68 161 355
8 440 94 245 261
323 453 71 75 110
62 425 196 430 10
165 283 5 413 351
274 497 26 74 470
133 172 420 323 246
48 317 264 256 490
187 63 462 117 142
128 364 153 107 236
230 348 47 188 431
267 271 497 189 457
362 270 361 13 138
431 215 47 308 251
176 164 302 2 360
484 1 406 475 242
387 336 431 216 415
16 52 162 342 449
203 163 389 453 237
236 268 329 419 365
70 275 38 325 116
129 114 200 350 296
295 226 419 281 89
69 154 95 49 182
68 33 438 84 80
452 125 264 243 157
87 430 489 189 259
492 492 353 413 3
311 272 81 176 486
350 353 368 369 376
395 422 13 39 223
148 13 86 448 338
333 419 228 318 325
279 205 36 345 488
310 408 64 498 178
252 7 386 412 207
5 99 299 127 103
237 127 268 421 279
298 381 482 39 290
483 256 283 452 396
132 343 480 65 3
377 254 355 92 173
13 98 92 276 81
461 338 472 361 486
106 493 251 445 297
399 87 283 280 483
284 30 490 300 168
165 407 173 327 96
143 206 171 441 490
498 113 53 71 191
280 109 62 40 391
492 87 14 195 28
382 422 230 374 473
136 34 299 44 302
245 77 33 306 305
66 205 287 156 202
455 487 458 267 174
496 64 303 395 65
88 386 182 203 207
327 41 279 78 227
339 430 388 30 463
498 472 280 99 277
157 28 275 73 267
405 270 184 285 97
203 380 222 446 82
87 17 343 49 369
343 379 379 37 79
382 293 361 294 23
278 187 281 374 35
239 281 490 416 213
362 103 473 95 268
20 414 270 328 379
254 392 412 478 18
432 1 173 129 126
36 84 497 391 177
206 411 432 220 282
115 294 355 346 48
404 341 460 437 40
303 161 411 278 106
486 463 235 327 440
43 472 482 452 446
54 102 480 220 90
452 279 264 24 251
59 277 327 92 306
429 55 280 238 87
122 386 182 22 257
305 399 278 373 151
487 294 443 311 372
60 140 113 491 119
421 500 164 53 262
255 490 80 124 359
6 470 295 350 50
226 264 148 452 66
306 205 49 76 476
268 458 237 51 236
211 165 187 409 389
385 448 51 1 476
385 273 43 252 81
64 475 382 179 338
297 273 464 207 327
392 313 435 93 375
262 465 135 139 383
428 242 401 33 96
83 460 190 19 215
478 431 318 94 370
97 462 296 141 420
315 110 493 161 208
354 267 415 405 151
23 420 86 286 83
316 114 443 492 150
434 175 297 329 107
40 375 351 263 369
285 109 403 419 452
78 476 432 201 46
492 280 128 367 266
206 67 237 422 311
448 399 462 78 499
273 373 413 408 353
282 194 272 470 262
99 342 458 146 217
70 355 288 356 15
366 389 327 169 219
13 396 23 352 470
50 230 268 91 370
384 149 150 122 416
388 72 74 487 432
117 228 28 411 383
27 284 34 195 194
321 203 46 5 256
22 289 77 298 226
356 208 41 441 330
185 456 351 59 132
175 154 305 363 154
475 20 58 244 168
277 210 124 241 293
215 231 271 190 310
9 356 342 318 267
382 496 288 395 74
169 379 474 301 298
366 376 426 429 31
117 404 326 247 264
326 185 296 354 209
153 359 285 344 421
24 60 62 350 99
70 226 256 431 422
73 73 112 258 61
178 355 489 189 138
309 196 468 374 81
166 285 447 438 114
97 2 175 208 130
71 69 399 62 316
25 274 418 446 39
263 459 57 76 444
294 371 47 47 438
116 165 374 104 272
123 292 328 376 364
452 303 254 227 302
421 147 452 157 239
216 119 38 81 221
234 1 356 174 412
447 202 220 424 439
332 177 64 207 407
135 292 452 215 384
257 234 17 231 194
329 71 478 279 465
453 277 452 73 326
358 494 268 190 412
491 402 383 388 216
53 309 402 146 369
94 342 191 62 498
18 423 278 165 66
388 29 282 206 294
191 185 309 82 331
116 339 73 404 312
406 429 6 389 196
488 408 81 383 263
16 327 153 433 139
401 145 5 396 379
120 47 251 327 444
455 88 224 23 152
63 178 117 424 447
465 90 233 426 197
149 162 489 86 198
300 21 2 430 379
155 174 107 411 166
332 94 310 243 137
381 87 23 49 388
287 293 309 423 255
441 207 247 195 74
173 50 406 270 405
256 92 270 380 109
41 218 125 269 295
40 75 459 262 385
279 485 186 215 351
225 442 465 238 132
367 349 450 62 243
433 369 305 103 492
212 250 268 429 47
69 331 163 396 140
126 420 252 80 8
47 425 96 113 189
491 393 470 288 498
348 487 3 295 74
376 378 382 423 53
243 133 394 269 436
145 459 321 333 175
408 338 143 436 334
321 158 195 322 152
9 286 77 239 223
130 10 452 321 397
120 182 265 38 367
438 217 137 388 157
467 15 334 203 387
305 2 338 289 438
32 206 270 98 195
194 472 126 372 483
390 46 271 441 179
270 154 212 230 279
84 46 369 238 221
328 228 303 389 380
487 166 127 438 490
143 374 430 166 317
262 403 66 377 21
170 20 439 103 331
348 175 427 458 185
40 78 226 212 50
195 407 367 270 225
80 154 44 273 4
327 262 414 145 494
488 216 180 18 180
426 254 422 18 375
235 354 187 101 7
307 198 115 107 6
387 366 250 192 325
460 246 387 165 366
373 281 496 356 205
40 470 397 363 233
102 35 360 239 181
153 383 361 307 166
237 33 44 178 38
93 148 479 275 124
300 392 47 100 400
398 160 86 261 398
370 128 401 219 108
397 207 214 42 220
113 300 337 185 9
345 428 499 457 347
414 497 67 130 203
53 39 107 29 405
434 111 291 339 13
482 402 385 262 67
215 71 452 409 66
397 441 442 91 444
65 280 161 240 80
168 111 126 283 78
185 115 437 423 174
65 222 36 492 453
145 167 81 71 224
96 142 325 66 414
412 9 276 179 141
42 68 215 186 60
283 37 408 453 395
128 440 311 435 43
144 42 189 182 199
227 336 158 130 294
25 78 125 329 112
322 21 348 81 463
254 337 86 458 354
259 104 348 234 104
243 93 431 265 277
27 218 224 292 338
498 363 1 488 123
138 165 480 58 28
367 122 111 143 381
409 83 421 58 260
443 189 66 66 414
36 120 315 290 289
437 137 358 374 217
455 21 439 73 113
105 40 248 394 67
246 320 471 56 415
335 24 245 410 443
355 162 328 489 203
212 447 226 179 66
442 77 116 446 279
109 166 78 169 436
39 378 115 379 211
176 157 496 408 342
496 363 266 462 69
221 122 291 489 377
425 417 367 233 311
301 99 48 191 495
93 87 201 212 379
298 150 306 203 73
249 158 40 326 264
116 184 357 107 29
131 32 96 259 391
95 164 313 5 418
94 216 180 122 52
61 384 300 427 304
278 5 393 375 237
177 15 191 295 30
259 319 77 492 455
84 356 2 173 400
445 393 5 314 378
328 309 46 122 338
270 269 456 22 74
248 171 269 299 192
287 261 210 262 463
195 442 356 414 232
37 247 495 33 95
347 331 309 383 370
424 111 444 224 70
42 242 49 494 6
279 215 487 451 285
258 309 278 17 286
483 2 244 488 226
178 495 27 97 456
370 301 329 480 305
80 346 253 212 263
82 403 118 471 173
493 445 60 289 413
147 289 101 85 34
26 12 86 387 27
413 48 115 93 177
98 473 140 280 189
329 431 464 31 86
90 327 100 217 420
50 373 104 359 247
490 226 85 498 269
259 150 295 131 365
445 23 466 119 42
105 49 377 479 124
13 351 130 422 53
357 246 73 17 437
160 278 266 473 158
216 364 391 375 233
395 215 106 478 157
358 80 349 168 268
33 346 365 399 13
27 1 148 421 170
431 410 370 393 417
98 399 421 45 273
259 498 40 378 352
297 281 493 444 184
314 464 201 312 236
90 191 486 289 74
61 453 94 187 72
30 363 60 26 472
353 278 196 198 89
153 394 182 421 58
196 37 134 470 347
223 111 159 176 450
162 229 390 472 274
128 263 292 281 270
444 404 236 11 117
72 69 124 114 102
241 25 272 162 193
349 351 277 245 309
342 129 26 428 373
474 494 457 56 342
469 123 207 413 208
447 276 335 103 54
41 50 144 127 483
115 3 117 257 495
266 282 225 341 485
110 58 139 476 181
38 429 126 239 457
112 161 465 132 207
457 300 87 42 376
169 359 318 451 339
209 492 132 441 44
197 381 281 55 89
401 302 226 439 166
217 337 171 380 139
470 8 421 191 331
359 438 418 483 361
475 379 84 387 486
46 148 120 437 351
251 176 280 359 460
329 439 249 131 315
188 246 366 343 97
276 180 289 17 137
410 119 201 81 5
303 373 156 320 143
453 313 76 321 421
3 433 75 146 201
403 28 211 398 55
278 63 164 34 211
43 82 239 219 63
463 299 199 332 160
98 37 488 347 478
273 247 208 36 268
41 6 221 68 298
230 431 381 341 200
25 164 29 103 330
122 46 17 134 264
476 68 388 38 185
185 449 259 411 198
236 239 171 498 106
239 67 382 389 121
49 260 339 477 151
358 151 239 103 187
46 446 444 254 139
44 177 30 212 465
122 419 458 56 173
468 367 324 361 374
419 498 79 253 262
236 391 422 353 418
424 326 55 174 441
150 455 160 235 482
287 170 5 410 229
123 212 194 76 213
451 483 342 158 18
190 408 175 436 255
18 404 433 13 15
315 10 425 97 395
70 390 276 306 156
350 305 80 347 420
244 435 283 130 116
262 487 48 68 161
396 401 75 296 425
422 479 163 169 433
54 111 454 257 453
65 416 290 486 397
176 35 107 130 94
94 72 130 284 426
356 258 430 121 152
400 480 480 220 91
345 404 82 298 231
39 192 388 423 281
91 241 447 272 429
85 180 334 254 368
